0 1 -0.013278470332282355 0.008137724546387018 -0.006944666077645503 178.44033417748273 135.6460122945764 -88.87302923065614 -0.08103346447168502 0.030259750537583716 -0.04466735989667503 1 2.4401312781226494 0.30299319835210436 2.299993875215037
0.025221931454546785 0 -0.027753831953214014 -0.06271318086244124 0.05463950879157342
0.03333333333333333 1 -0.005868432733477258 0.06925405182907861 0.004836176633962561 137.3531231774055 164.48745918716367 -45.897920186693284 0.15284093254762907 0.003233159516066661 -0.1433153721442599 0 1 1.9373818578874573 0.7838916016051161 2.6368682066211555
0.05855526478788012 0 -0.056803782755930426 -0.015678866699753935 0.05771017824953624
0.06666666666666667 1 -0.02788521819794973 0.07582495229993902 -0.06242739532965236 -106.777489546314 159.62355394351619 -144.47117990918144 0.18236548494490515 -0.008868759038752061 0.04641606547147464 0 1 0.2758794522888607 0.5872896154277413 3.30085613835673
0.09188859812121344 0 -0.059314090277601234 -0.005120175241763156 -0.06569021371525313
0.1 1 0.05850994011363593 0.022080263871159952 -0.09266113436819695 58.823373949493174 142.8801402381058 -14.23346509147629 -0.043027376526546805 -0.025118193156147352 0.020923328790195428 0 0
0.12522193145454677 0 -0.05935848276727029 -0.01334092737532036 -0.05582160687565624
0.13333333333333333 1 0.0686722478282211 0.07390122555700236 -0.011169779335765212 20.196167656509004 9.004204213469848 66.38611155256424 0.1508811724583071 0.03728013758602798 -0.2611523192798994 0 0
0.1585552647878801 0 0.05326021208176062 -0.09425597328075425 0.06294433181393908
0.16666666666666666 1 0.06276867995848978 0.03261020918925912 -0.03445036333209278 -3.7912611426735054 81.10995688738342 -11.020571098965206 0.22429544217810735 -0.026163016009486974 -0.21008145177609966 0 0
0.19188859812121342 0 0.08377959057774914 0.010006162101302146 -0.011837222999891844
0.19999999999999998 1 -0.051920510544559456 -0.02171934557662966 0.06200172393569368 116.39046677628403 -80.44306951889294 165.35940342876802 0.29058373551517136 0.04076000758599638 -0.2457437197382672 0 0
0.22522193145454675 0 0.02637740311969057 -0.06328307884084933 -0.07903346186752902
0.2333333333333333 1 -0.0408828193760791 -0.04228252804631025 -0.029467303675113493 67.85722816039444 -132.8751704296119 -25.310396402292014 0.1964255941849087 0.04367004219621806 -0.22618808125678552 0 0
0.2585552647878801 0 -0.07087572761502267 0.02305783909504619 -0.006693341905075728
0.26666666666666666 1 0.06006490612544651 0.07043510205520215 -0.012057458755308323 -163.82144523445066 -90.26185561041156 35.9988377644633 0.19091517148461182 -0.014745780958571965 -0.1662880157990825 0 0
0.2918885981212134 0 0.0815620633117255 0.06207799724960333 -0.05244351952842333
0.3 1 -0.019310606028608387 -0.04303851769281944 0.09315773470047616 -48.40093167987649 43.400919836154145 140.67616143399903 0.24846116365186896 0.033327080076603885 -0.11598493830058787 0 0
0.32522193145454675 0 -0.08488500564753948 0.09120358563785635 -0.09424411906824712
0.3333333333333333 1 0.05351644033204413 -0.09415987621606986 0.07113294939743849 -179.55189854820665 127.86535018250663 156.20324994197358 0.10815335168920029 0.04267845706376447 0.019312736807772346 0 0
0.3585552647878801 0 0.035547679832718476 0.02254491578573084 0.023886176399952913
0.36666666666666664 1 0.04369241917270819 0.013103563352793085 -0.02819003146932661 115.1082413687721 -117.90178798376765 149.3852271796352 0.1849458182804022 0.025446555360079087 -0.1309796054634678 0 1 -0.7282377984333468 -2.5307738373325828 2.1180310487814182
0.3918885981212134 0 0.002873428870797695 -0.02145820161792504 -0.08346949693616887
0.39999999999999997 1 -0.09235907311875563 -0.04942405174765219 -0.04718112848257547 -63.83923043664967 -17.790684088275583 -27.904825581796246 0.2979614346881113 0.03659989947821374 -0.06235845047658267 0 0
0.42522193145454673 0 -0.09745020354420827 0.08331467214109374 -0.01256822776192712
0.4333333333333333 1 -0.07710565458006563 -0.028217328813551074 0.028044671476491326 -59.13955250818914 77.1811631769848 -156.9971918096384 0.2871077307763584 0.019142152615955338 -0.2504060456493029 0 0
0.45855526478788006 0 -0.09164086097368579 -0.01773568739513269 0.025743783277118015
0.4666666666666666 1 0.07113045738776845 -0.001935304320856715 -0.07593956441699382 -52.763457964838835 159.23265924858185 -99.03529489695605 0.0779975596866107 -0.027392851158391265 -0.077089688844944 0 0
0.4918885981212134 0 0.015167805990730643 -0.07919695470069571 -0.020306724381904576
0.49999999999999994 1 -0.01654186064194059 -0.09104499084448561 -0.01860370142977416 -66.67308971339105 27.642341234718344 -154.84314868206627 -0.029995373350178683 0.045205323639018816 -0.21543487331309014 0 0
0.5252219314545468 0 -0.0028600671890453427 -0.044134295391397876 -0.05309773841983115
0.5333333333333333 1 0.05004913095049075 -0.07860273578495539 -0.038893108528086834 179.68813123770292 146.49972121445109 50.50663485414864 0.24925498662096293 -0.017591892573423397 0.07208070508625797 0 0
0.5585552647878801 0 0.04699041942531634 -0.018225503068183074 0.055380319946433824
0.5666666666666667 1 -0.09443681764594411 0.07637111942140667 -0.057789742020549206 -54.75391735715402 163.4185902565249 130.586803024316 -0.07230257075891355 0.033837904570147764 -0.1422297712946733 0 0
0.5918885981212134 0 -0.04379059648708772 0.024917489301165024 0.05579258967083516
0.6 1 -0.01790197425517534 0.01554038571560798 0.012306648979848428 -105.85099190451533 66.9646664869361 1.2927603566954815 0.20173428977220462 -0.04857548022987121 -0.25974112412518674 0 0
0.6252219314545467 0 -0.013611337467444806 -0.033621017046482654 -0.01939113635225767
0.6333333333333333 1 -0.08819580542196948 -0.08305157651614115 0.05655839700615639 98.55144587859257 134.85314798902277 -165.98879349091175 0.20721075289539218 -0.02553015437270452 -0.1115337586323174 0 1 -2.4000513692998684 -2.0249308100186365 -1.248037855170212
0.6585552647878801 0 -0.0855288375627998 -0.0860423975989828 -0.09218512814349275
0.6666666666666666 1 0.054274459878106 0.07653110310304825 -0.029780852027844806 52.377560711046556 -172.4430598667017 -77.93247125055797 -0.04798568100831529 0.025926914510937413 0.09806712406039925 0 0
0.6918885981212134 0 0.034304450753008905 0.0910163772516962 0.0173515308238896
0.7 1 -0.03061047518416829 0.02465993364348132 -0.009014412220771928 170.4596327361852 55.40840661866167 161.4401652560761 -0.0438618797846631 -0.03303973009337048 -0.28715604285861696 0 0
0.7252219314545467 0 -0.03380189244476922 0.06571638947846764 0.08702243349960315
0.7333333333333333 1 -0.00019655911794673464 -0.006472039599822274 0.03768887487757133 11.61559945591111 -85.81283745913646 64.98678467710221 0.210934781637751 0.021277219245275522 -0.12573507890394936 0 0
0.75855526478788 0 -0.08875727115506435 0.06863756527309106 -0.03368803883149804
0.7666666666666666 1 -0.07386670728789602 0.060951408490837244 0.010544917656454197 179.88950300908493 95.34087625396353 73.1269768681286 0.1951561194203524 -0.01025333728402629 -0.01895146715101248 0 0
0.7918885981212134 0 0.08203636105701811 -0.05840234307174333 0.07283802248856444
0.7999999999999999 1 0.07454076055242463 0.04992567167171616 0.0625577423283733 163.09531258323136 -152.13464463915062 -89.55903747790192 0.1172605835177501 0.0038908192394405128 -0.11032010170002368 0 0
0.8252219314545467 0 0.035543494315489074 -0.03622239064976812 -0.01720985595618507
0.8333333333333333 1 -0.0720205308916238 -0.09210150986115431 -0.06578397760489574 143.38453487768254 140.6571396687428 92.8803883268414 0.1347365428360492 -0.04252896255666197 0.00820164249008809 0 0
0.85855526478788 0 0.008784169188140997 -0.0780493035013354 -0.04728827018535103
0.8666666666666666 1 0.02781709874118464 -0.023523786327431156 0.003155568631668104 -19.58952695013781 95.89058691599092 179.67551743811651 0.040052597105484866 -0.0028670539060245276 -0.2655623153144943 0 0
0.8918885981212133 0 0.042561298751782745 -0.09756320727366083 0.061947861681582374
0.8999999999999999 1 0.024725612073361367 -0.016603859397957013 -0.08137704452038916 -48.6880044180985 16.377091192496096 -23.536018263244983 0.038429368794547475 -0.0004701673643600496 0.061110411669063114 0 1 -1.6893674199492108 0.8878369564021941 -2.7931579709424543
0.9252219314545467 0 0.06783871657246332 -0.04508825749700676 0.09380061628020558
0.9333333333333332 1 -0.07934853680329843 -0.09883540384046341 -0.03674617589345555 -89.91270760457459 44.31663394799398 -126.37914569300018 0.290649983159615 0.018490888705943953 0.02325249145787378 0 0
0.95855526478788 0 0.09303790096886154 0.09315485503314816 0.0235351296646934
0.9666666666666666 1 -0.009564634434112526 0.08427767699383854 -0.09642552277972219 47.86383272510443 46.431083908390946 112.87334714407848 0.03229882107532123 0.04745688181564055 -0.10922152462655624 0 0
0.9918885981212133 0 -0.0580838074300693 0.00570871387650973 -0.02609844594884081
0.9999999999999999 1 -0.09867858542618313 -0.0974723600448136 0.06968864380170237 33.673225134925076 -170.2775471754556 46.6156250974816 -0.061378310352728165 -0.008553333411864927 -0.23951161754724873 0 0
1.0252219314545468 0 -0.015087549934097472 -0.02047445212939751 0.017823110748636697
1.0333333333333332 1 -0.037923404045862696 0.09482894014556592 -0.08584550107772701 162.09320970364627 160.987623397302 -91.83945689001408 0.2205493633516781 -0.010133630707404084 0.09423838412163277 0 0
1.0585552647878802 0 0.004050091648983761 0.07294184838952639 0.0951145660207329
1.0666666666666667 1 0.021331997996357696 0.09405726839840545 -0.02527280839905377 -74.98970054893928 -47.02052209049697 -132.71003294225736 0.05800953228879241 0.01410884545085192 0.08026518799936172 0 0
1.0918885981212136 0 -0.07608493825416204 -0.0034240664480106042 0.09597468751805548
1.1 1 0.02960358407249071 0.08713056855877901 0.0950084754469952 34.674303017306016 78.67548563686137 31.19962194793706 0.09584616566306403 0.03038954875534304 -0.06606948134570992 0 0
1.125221931454547 0 -0.05857722892449735 -0.08033907772807763 -0.07105546210514752
1.1333333333333335 1 -0.04534055757040209 0.022345704381978956 -0.0076319322712455895 121.35574064039417 46.886543844187656 164.82858710626988 0.21866992297231638 0.0012607774631358398 0.05554833618396132 0 0
1.1585552647878805 0 0.09690531475758679 0.057453175767756465 0.062335005234646614
1.166666666666667 1 0.004934825786971103 0.0749037324470287 0.026463501229777517 -120.3102672026514 -174.47071183955174 117.00562952997552 -0.001817021653533063 0.029852728077291765 0.09609605411710581 0 0
1.191888598121214 0 -0.05562215725622208 -0.07248774414499887 -0.011431765581424627
1.2000000000000004 1 0.013040475168254795 -0.056341181994484596 0.04991760910217844 -85.84868667131187 146.0426042594603 146.05995511752656 -0.01838727401097673 0.026560263608371396 -0.2738378380391041 0 0
1.2252219314545474 0 -0.08111506604968852 0.003522580481795351 -0.012643432664628307
1.2333333333333338 1 0.001486851743879275 -0.051823953783968785 0.015281508515181036 81.82858716890553 145.91593458656865 121.63054705904523 0.09387554116399685 -0.0015680225296391265 0.0011956020622508334 0 0
1.2585552647878808 0 -0.03842560882869611 -0.0900099834509572 0.03873880070491045
1.2666666666666673 1 -0.06523719766806332 0.03670661782408091 0.03843882432566033 -63.55344553980481 96.43232859285979 119.55680198410829 0.12257364200620824 -0.012268042075020316 -0.06916500521530577 0 0
1.2918885981212143 0 -0.05310288051852538 0.07151247395713328 0.046764093420156264
1.3000000000000007 1 -0.019738450592314424 0.06858037812602005 -0.028766219664365822 -109.8551989043568 39.981728035096495 -9.975173955817269 0.2532322061870751 -0.02864662674486499 -0.10397283709755112 0 0
1.3252219314545477 0 -0.02504042638803078 -0.09200391762620794 -0.012030475242829478
1.3333333333333341 1 -0.003007330086464838 0.04225035826808554 -0.035241912383065455 54.62635293110131 72.6745962370959 15.341543675882349 -0.007040263956450937 -0.038653006674682126 -0.034538875243612654 0 0
1.3585552647878811 0 -0.04819623108542123 -0.04070720493007812 0.08212440390899806
1.3666666666666676 1 -0.05756379757453586 -0.041751695979973025 -0.015321630343982734 -26.09664414512173 -40.52939018885755 -139.83357026410124 0.02527247326080534 0.020159144177634022 0.07940212244030748 0 0
1.3918885981212146 0 -0.09410440632130673 -0.06816745772927849 -0.01353948565592851
1.400000000000001 1 0.0760965975732678 0.09694339544820947 0.06410367025955624 -102.59178988906103 -95.85026848489123 -143.83059221670305 -0.08256538168273164 -0.042652437086433216 -0.21890523525987077 0 0
1.425221931454548 0 0.035853894827452604 -0.052835302919910204 0.04174550121292824
1.4333333333333345 1 0.017968324971521094 0.07832666450830512 -0.06127536093163566 -84.60188190075027 72.92086542979385 136.48389812951336 0.034514877987180226 -0.041096345201373674 -0.2886309391691811 0 0
1.4585552647878814 0 0.058387496075130454 0.02417580316228793 -0.00020112518247802913
1.466666666666668 1 -0.08462286800903976 0.0023410925769628693 -0.04595486429157308 22.670982242725245 114.29874875115672 88.30952638626422 0.027581399261885936 -0.02246193403344643 -0.2334652906788171 0 0
1.4918885981212149 0 0.006577304510443957 -0.02143639016890224 0.046066541040379355
1.5000000000000013 1 0.05916648765157606 0.06532683593602889 0.022930846015335155 -4.251332396987891 153.2069298660639 -12.622231154002577 0.26905710925202864 -0.010634584384360976 0.038936221470453614 0 0
1.5252219314545483 0 0.0756678472286613 0.010351427694725163 -0.09953644709413603
1.5333333333333348 1 0.07090132448218898 0.04734567496192717 -0.08700283223856886 -148.68947540077178 150.65612049337636 22.96155826066061 0.08556078080259641 -0.03774390128272934 -0.1691483785836814 0 1 3.1724083997432504 -0.6916488415514271 -0.9351000416034654
1.5585552647878818 0 -0.03488304824288291 -0.08033401869848769 0.07283256667131044
1.5666666666666682 1 0.02255798746821805 0.09734985200788193 -0.029890136272646084 23.051158831489374 -47.29800406337603 20.599561500828116 0.24373039399323912 0.02156889648171545 -0.042424561029885066 0 0
1.5918885981212152 0 -0.09256798541274638 0.09570550712407218 0.03234166929170837
1.6000000000000016 1 -0.06630006978433331 -0.03254390193152859 0.015276838480820912 -64.74203233987838 147.19634854020882 -88.76429471767452 0.29743204500938725 -0.046201271359536514 0.09114856228686685 0 0
1.6252219314545486 0 -0.004672661512727716 0.044453802682177114 0.0022582067008548867
1.633333333333335 1 0.052893089849253366 -0.021697749796399185 -0.012768175523175482 87.31206677081059 -159.7793457839206 170.86527020565478 0.2459317385456999 -0.03067639240959752 -0.0835895692109071 0 0
1.658555264787882 0 0.03919494885468547 0.07005158187228644 0.08165499805209682
1.6666666666666685 1 -0.09486315891995326 -0.03292287947093053 0.09115213123833282 -49.575954316707964 -28.947412162564746 -82.16772280835686 0.2001060698547211 -0.017562282786076654 0.05401392408116246 0 0
1.6918885981212155 0 0.01927151470203947 0.050112693041761094 0.09793903930228745
1.700000000000002 1 0.03122237619538666 0.018849720758711233 0.08019855440330788 3.269595503978678 -91.59496114946283 157.40501191673548 0.10209327742066673 0.02593123243987587 -0.028251972915312673 0 0
1.725221931454549 0 -0.07995416316829265 -0.03863954958157004 0.06840730957872132
1.7333333333333354 1 -0.08237485110430384 0.002392261359095871 -0.08284334695570048 -85.27252315777957 126.96819550638975 -6.5341621125220115 0.27040076954506387 -0.03987607227805232 0.027669544055619222 0 1 2.042237756008271 1.964532388486174 1.8359807034721136
1.7585552647878824 0 0.09253521285408868 0.03145195646379606 0.004661042095829515
1.7666666666666688 1 -0.04817658451879153 -0.08668522067821977 0.06353115694991336 10.755173606562636 78.93447625514585 -148.9617742776595 0.012102294438407976 -0.014695844501112922 -0.11977722852456385 0 0
1.7918885981212158 0 0.07238437763032353 0.003721091620184233 0.004261209423673876
1.8000000000000023 1 0.06074472585632569 -0.021904786656701855 -0.09553193837266524 71.36474449201762 -85.66920981850554 -116.1410385732858 -0.002345182343283403 0.018364507979383354 -0.2210977872748891 0 0
1.8252219314545493 0 -0.012428015395931524 0.05360464145507063 -0.01012904955845087
1.8333333333333357 1 -0.08411973144818247 -0.09733664684937701 -0.05876025037935445 41.052112614129584 -36.34756497809187 -168.42076239809552 0.18578619567428764 -0.036832614552622 -0.008185033740051473 0 0
1.8585552647878827 0 0.0075903986277778 0.07843464034349418 -0.06615235093343941
1.8666666666666691 1 -0.02438957628159384 0.01654477396739576 0.05483260805660517 101.41175025931256 31.479350348334066 168.74700628294414 -0.08782275512100345 0.04183128070291234 -0.15331307145899353 0 0
1.8918885981212161 0 0.06478526038704009 -0.030485983186382015 0.06066857471881131
1.9000000000000026 1 0.04967286347876563 0.07146234681178368 0.0039725775633900895 147.80218440317464 133.24236511738462 -147.80354510831071 0.07743769547123738 -0.022454594000433793 0.07956714798809361 0 0
1.9252219314545496 0 0.040357098407109576 -0.058185799031150676 0.08723559872458125
1.933333333333336 1 0.09470928485817165 0.006156230409342503 -0.09491292638696872 101.77913704286692 -53.29745335904771 167.24805624241736 0.13391597825206483 -0.049861840071073686 -0.17972125159636576 0 0
1.958555264787883 0 -0.04615292249817854 -0.02233220730017016 -0.0886518758255104
1.9666666666666694 1 0.018815732485194234 0.0503461383079753 0.09763309839642581 173.03820302098887 17.390200775460585 38.67555118937534 0.16018590485066705 -0.0009409097661329455 -0.06193846629514563 0 0
1.9918885981212164 0 0.057996299264632546 0.08046885211453492 -0.05138614300992114
2.0000000000000027 1 -0.08514489762101851 -0.0230872273501795 0.0049808972017103825 100.33806097202938 -86.93891518067792 16.56450160913016 0.10911243094873599 -0.030769319085971105 -0.06341378489934549 0 0
2.0252219314545497 0 -0.00910220044920454 -0.018649125442471215 -0.04907425680749697
2.033333333333336 1 0.08134774474787772 0.02611054704942857 -0.005419694687626125 -135.24790538944796 -149.6258462950063 53.88619982399362 -0.05508826777816718 0.0176504522567318 0.036811034015589494 0 0
2.058555264787883 0 -0.06446306954402944 -0.018623644422901015 0.03359351671214504
2.066666666666669 1 -0.05477093488271212 -0.0910535123073832 -0.09264122833209754 -178.44875929096983 51.79159088533072 -112.59187277756969 0.034739520207526825 -0.04020387822872649 -0.1454437486855487 0 0
2.091888598121216 0 0.053211873722898734 0.046205341107135284 0.08169367558368273
2.1000000000000023 1 0.08949107273217485 -0.033698914657572826 -0.04778829144175642 -177.89757921137792 51.50507716451875 176.15875106877223 0.19982666331951252 0.018277604687449142 0.001190835345914243 0 1 0.6154489607824534 3.1907949389704933 -0.8447649867179303
2.1252219314545493 0 0.05364993645701979 -0.026166046298646772 0.04037356954494711
2.1333333333333355 1 -0.04154438390840051 0.034989116820963576 -0.08251492586223858 -57.657052509860165 67.34799328635293 -85.98323437872804 0.12739075336478442 -0.021866283761383432 -0.0736321995473862 0 0
2.1585552647878825 0 0.02036501528260204 -0.04224245170191657 0.004161028525674432
2.1666666666666687 1 -0.06835762883548721 0.03432878703179536 -0.010625324567205802 -69.43637516811091 -86.6640963455635 92.25241214405582 -0.06402966892840839 -0.04398088257677002 -0.1991354591065579 0 0
2.1918885981212157 0 0.009515274315596706 0.09860614247322577 -0.01940007423491881
2.200000000000002 1 -0.0410333057043446 0.03207863545631051 0.022554505258660207 34.82692314590912 172.93778108929712 18.152387778186664 -0.06396554517350247 -0.012881951862812345 -0.09205244633745069 0 0
2.225221931454549 0 -0.055084404749411425 0.010458965533552633 -0.09768728311782959
2.233333333333335 1 -0.08426985463283776 0.01020580434411214 -0.0092110055015997 110.79631131876374 -57.920790819057515 90.09169114732532 0.27822309573992776 0.02141919344481577 -0.0630082972657266 0 0
2.258555264787882 0 0.027873985145468613 0.09124504213013335 -0.0018505651194891531
2.2666666666666684 1 -0.05070974098986156 0.04956406975889691 0.004964391364721418 -117.44887519269224 130.3725217095017 -115.24438064792768 0.15602999566694734 -0.01452221891504444 -0.25958799533634647 0 1 -2.4028947271252137 1.523675143943787 -1.783663877749778
2.2918885981212154 0 -0.012668037628030995 0.08779552410343189 0.08679245418873288
2.3000000000000016 1 -0.07190720747611867 -0.09999875068371036 -0.09565456842949221 -88.52348695727781 33.005759891100126 -170.2210520668452 -0.06694519107930219 -0.039519411514468354 -0.2697401857998429 0 0
2.3252219314545486 0 -0.0834410408493346 -0.06176232630495798 0.025603017761324565
2.333333333333335 1 0.08031555798408492 -0.06445218780074269 0.09307233961564856 77.97098003702473 -88.08117499723532 2.9424519455893687 -0.005286496642021188 0.04393188430372147 -0.19797334446494053 0 1 2.24409182012358 2.273534882368026 1.0614979616101858
2.358555264787882 0 0.0072839359821886135 0.03296782199380033 0.08093403180803471
2.366666666666668 1 -0.006293972959230246 0.07550404828558521 0.021923423932584063 13.222473963789895 -113.44202944733995 -122.7954746812909 0.260957838328994 -0.007780068158972274 0.0074033160648981355 0 0
2.391888598121215 0 0.04997606797523688 -0.019417022991436522 0.0562709395409748
2.4000000000000012 1 -0.08938829375986537 -0.05391856825616631 -0.09038373746679204 44.668541972043556 178.2675361003396 65.01807467418104 0.11348311156890328 -0.03868306100256433 0.058292713622402625 0 0
2.4252219314545482 0 -0.07794793459957791 0.07254113681276875 0.06371703545882507
2.4333333333333345 1 -0.09899695986671997 -0.018748756990489945 -0.027765768566715976 -144.34512509972927 -119.89259082767961 143.60152251307403 0.2779439116803055 0.03778286831294922 0.06819626832282455 0 1 -1.1667937717300871 -1.5890468924459924 -2.695980878760964
2.4585552647878814 0 0.022843781017084647 -0.06575941289727227 -0.05876116677908211
2.4666666666666677 1 0.026705127143136984 -0.052182045482711936 -0.019323566079195748 -87.14529396544471 95.94110516376588 161.74772273869866 0.23320975752744486 -0.017170785304128577 0.05711975551480336 0 0
2.4918885981212147 0 0.04524183315685015 0.0697706400029806 0.06146790173755719
2.500000000000001 1 -0.039818272737104615 -0.010192605546383168 -0.07210024414392255 -143.34489462882192 14.711714127908266 -103.24355819850244 -0.01806491792758927 -0.008126315948227304 0.04034854022125939 0 0
2.525221931454548 0 0.07696505263549652 0.05631985292507633 0.054923360576484975
2.533333333333334 1 -0.0301766124247744 -0.06633895110780444 -0.08517977845999972 -84.07233959464003 168.12957168206515 -82.7252899723027 0.0016118851134969275 -0.009583732994048945 -0.20716780974392515 0 0
2.558555264787881 0 -0.0936381379569508 0.05525917291728133 -0.07217061112834075
2.5666666666666673 1 0.05909563398946785 -0.00014431470926279388 0.019890170665701715 -84.28404675609863 -166.3673425568893 -110.11487046042465 0.0344864989706441 -0.03883129310251798 -0.019645663539423597 0 0
2.5918885981212143 0 0.05793234586341294 0.07235005132671507 -0.09131069004961498
2.6000000000000005 1 -0.05201086998494714 0.02256031412483328 0.09537524401279199 97.40526156079994 113.10330442113064 5.168151000426718 0.07927859009844643 0.016838514552697845 -0.1281944299780358 0 0
2.6252219314545475 0 0.034022949936590385 -0.07692878191031188 -0.040634118626026755
2.6333333333333337 1 -0.0701333360238092 0.09700274019620797 0.01715555110860753 47.6998395172144 38.58495652462193 101.45599308376319 0.2840044605292039 -0.04166611458399542 -0.19687042488966733 0 0
2.6585552647878807 0 -0.06128335405318883 0.05283646676190608 -0.025556141969795027
2.666666666666667 1 0.07357004721744238 -0.009508518376207614 0.046672109481796814 41.15857159350941 89.39684565128738 153.64634729377792 0.08388551934782848 0.042124174699228786 0.01934409402712972 0 0
2.691888598121214 0 0.06861138326725738 0.015892602178942464 -0.05413327161615741
2.7 1 -0.060317428212077584 -0.007104624710294202 0.025920470043986385 101.7222297860655 117.58427210734237 -178.06760101606548 0.2276858369465871 0.021885745876005475 -0.2514189523027415 0 1 -0.7870245803752207 3.249121694516491 -0.0443438703484281
2.725221931454547 0 0.03483671608838579 0.05604030651533576 -0.06275030147698238
2.7333333333333334 1 0.0676980121866663 -0.07320641478111112 -0.05260955457385663 132.51582187146965 56.93739376774826 66.82120740909218 0.23732424147878659 -0.00800185050950495 -0.05699593197451128 0 0
2.7585552647878804 0 -0.09129434172347115 0.05766205760495318 -0.0916604996810054
2.7666666666666666 1 -0.024544204925838017 0.0028818592362916534 0.00131734171939428 -114.47577434712488 78.44954326939887 114.32550348614637 -0.031470827517366615 0.04370387272035961 -0.05419748158872831 0 0
2.7918885981212136 0 0.0018657174263843057 0.0798625778194087 0.02604739115031332
2.8 1 0.0794419108278383 -0.0979673231265965 -0.05561423823322412 18.164405650747568 -168.2647022672275 46.544079085026965 0.09327792511039343 0.04648275162654057 -0.06539030649681965 0 0
2.825221931454547 0 0.036989224170919655 -0.08385339709014134 0.08031625646594405
2.833333333333333 1 -0.018776048792662106 -0.010634953188794039 0.031383838902322256 177.95436213227157 -3.0936091808920594 -159.0052593050487 0.1490439000547 0.033912988709841954 -0.25257059728796216 0 0
2.85855526478788 0 0.03099839856053535 0.0053497043008780415 -0.09791871464153726
2.8666666666666663 1 -0.00406274736236123 0.010075232527273784 -0.0739288475453066 -39.046395492015336 86.06134670249759 -76.9819092406347 0.08019519907019834 -0.009175457436455668 -0.1204029510855866 0 0
2.8918885981212132 0 -0.09600171779263442 0.0791281563766017 -0.08883994097134737
2.8999999999999995 1 -0.06886618148282495 0.07827521578621843 0.08817107076969 7.253197071644962 122.11763615064365 -138.60204491583207 0.11195550365840515 0.04423213622283724 -0.13622770317005728 0 0
2.9252219314545465 0 0.03510868504237433 0.05807826856132652 -0.0821691412145576
2.9333333333333327 1 -0.03269770609658729 -0.03452646104685603 -0.04390880096286379 92.28836788349321 153.9121364133527 108.12095696731882 -0.05723459582832198 0.0449644696952769 -0.05518785132698675 0 0
2.9585552647878797 0 0.01631814133828642 -0.07176683009161783 -0.04540835452795361
2.966666666666666 1 0.0671783779571606 0.07315770296951024 0.02116210346511535 -31.481276203910227 -89.73297040804333 -34.30211777336481 0.2628565745183894 -0.04104045417732808 -0.16261033362545987 0 0
2.991888598121213 0 -0.06234030874654101 -0.0048413931677125654 0.01639455387975783
2.999999999999999 1 0.06900414497143213 0.0422694894303701 -0.05349507053694988 -167.89185027945513 -67.05097842189484 -174.8727585750322 0.2537047465622785 -0.033235512509405075 -0.29983022555374317 0 0
3.025221931454546 0 -0.08206465180726269 -0.007854524690845133 0.09826534603740777
3.0333333333333323 1 0.058988753961282 -0.09594929566994537 -0.004817693984466895 40.62493544947111 140.44070788664447 94.47250139909607 -0.008394469505750818 0.043654845289626196 -0.013303599874266048 0 0
3.0585552647878793 0 0.004183703145161338 -0.03188639219807432 0.0052184052004276005
3.0666666666666655 1 0.08457290812198626 0.022691555354064016 -0.07152145295520759 169.53576161233963 176.17754452844264 23.320820670499387 -0.06845632427009027 -0.029540722456329795 -0.06613455877973087 0 0
3.0918885981212125 0 0.002395550313631395 0.08571726770426902 -0.027550598474639643
3.0999999999999988 1 0.041188956952524204 -0.06252061527377464 -0.09691927357403149 124.7950087078849 -80.13861339790449 66.90231384316817 0.2860661158355494 -0.04343008527830166 -0.2849959479327057 0 1 2.917058004732872 -0.3641616106056623 1.6448943241301994
3.1252219314545457 0 0.058699621858193086 -0.04088872907382857 -0.003947594203356511
3.133333333333332 1 -0.0705079860451732 0.010642139759989663 0.004677809093503793 134.38128481435427 -28.97994718394071 63.17867667965709 0.28673235278405673 0.034476141794485896 -0.26865362641029666 0 0
3.158555264787879 0 -0.024203462449307864 0.02193674439555282 0.09691885833757193
3.166666666666665 1 -0.08443460304790676 0.019735918651397857 0.024319681814776978 -73.75497726561328 -105.3214346758076 122.71505097361432 0.2711082059755461 0.0337851443311126 -0.16678758408987288 0 0
3.191888598121212 0 0.08540904085691164 -0.022675797912342505 -0.026438236818468047
3.1999999999999984 1 0.043125572302085316 -0.06343027377943486 0.00543499592573686 64.60388124552091 -126.90642821564307 172.27421416518672 0.11307161424450815 0.02542577165663662 -0.055046599388146794 0 0
3.2252219314545454 0 0.08870385138905151 -0.07418084408481271 0.07774701365340586
3.2333333333333316 1 0.020280296859811767 0.059120554298695296 -0.06843375602088925 -84.05013256509702 -162.87965831122494 120.29342420321387 0.29538530095013726 -0.04464137433611293 -0.09261585167967021 0 0
3.2585552647878786 0 0.04909210653604641 0.004468955180320464 0.08071286045285209
3.266666666666665 1 0.03301828377425764 -0.016028150140205283 0.07826567919528607 109.38350238301717 -48.12362226817285 -50.368397901867695 0.16131490982724148 0.01701794704523768 0.0901407271595705 0 0
3.291888598121212 0 -0.06716313640463198 0.031420854866915926 0.0735156550254813
3.299999999999998 1 0.0033731184324674868 -0.08037051286556812 -0.014256973032934744 88.18236635702709 -154.3605981027794 -94.81074690086845 0.062059026155667024 -0.014965059658722392 -0.21327277590323138 0 0
3.325221931454545 0 0.08893645342064381 0.05090624691994721 -0.04823193908622575
3.3333333333333313 1 -0.07246318666273463 -0.04687591919626011 -0.06642607352737281 166.72474358343908 98.59987483037327 -78.84681386493651 0.2680003132282974 -0.006022314819478104 -0.07841984183167375 0 0
3.3585552647878782 0 -0.07878660466743054 -0.026297834739230197 -0.07959847869841238
3.3666666666666645 1 -0.08423224559251791 -0.04484928710601602 -0.03315194100462404 -62.39892162587677 123.1302282567923 74.72487198784293 -0.0850080211674864 -0.02299977774347647 -0.18644626435961426 0 0
3.3918885981212115 0 -0.02670281134966762 0.044275137497524764 -0.03593877030201417
3.3999999999999977 1 -0.08658086112025848 0.06262566116228441 0.028331127132750086 91.56702637662158 87.48674295147515 -149.7487265278798 -0.06661561563277987 0.030912230790121065 -0.21626880288195044 0 0
3.4252219314545447 0 0.031158643361427527 -0.07433057441496116 -0.01312564665090836
3.433333333333331 1 0.09122663507044544 0.08002341665375418 -0.09157313101130066 -82.51075104532427 0.3992863634776711 -143.29045127366092 0.22554600276365042 0.04579155773473299 -0.27128463040978856 0 0
3.458555264787878 0 0.015495608433337152 -0.04167283677212413 0.047357479137137774
3.466666666666664 1 -0.017077946479965148 -0.0027804018951210763 -0.006014746769977292 -56.45337387456249 16.800040866128228 -160.1368659494526 -0.08705472779801422 0.01854231128811927 -0.2754553903259154 0 0
3.491888598121211 0 -0.07404816658877511 -0.08844979049866691 -0.0355214739949275
3.4999999999999973 1 0.07037782541357576 -0.01919345436446443 0.08450488089946995 77.69430414571502 33.350338957389766 153.64179757730875 0.12806728807636722 -0.03305775206698407 0.05059760480596137 0 0
3.5252219314545443 0 0.07644991227199925 0.0785473196724154 -0.017819787696198672
3.5333333333333306 1 0.06143276587409468 0.019138390025956076 0.07015337685744759 140.06625905639277 -137.2709569036034 -63.306899103024975 0.16887604251964586 -0.03195960028408987 -0.09004927232625623 0 0
3.5585552647878775 0 0.07761609271237298 0.05351026499682432 0.06611635965331436
3.5666666666666638 1 -0.007758232813752028 -0.04917271657143124 -0.054011016312059595 38.68571814790894 -81.96326736815364 60.71662498923749 0.092318877195228 0.01189562582511925 0.015168248375738325 0 0
3.5918885981212108 0 -0.07794917751120412 -0.06350404845344321 -0.0699368827396741
3.599999999999997 1 -0.02235093799587866 -0.07471463465607445 0.005773762747185024 46.00318806325214 -99.03688923147718 50.97785258926547 0.12018823736879833 -0.005504740629952966 -0.05897926936122297 0 0
3.625221931454544 0 0.0036157595318075247 -0.08680491782764249 -0.021201799032793706
3.63333333333333 1 0.09783951214967797 0.01653291109776929 -0.06211981910304207 144.28408034565996 0.031698083350875095 28.35816756068789 0.1807811599097305 -0.03248234381662554 -0.23962514523592005 0 0
3.658555264787877 0 0.08438376466845683 0.054288914035487794 -0.07822663914911568
3.6666666666666634 1 -0.03369852222039424 0.026826440321430958 0.004643489092447342 107.13431281701588 15.154615506591256 -3.159683943282232 0.29831741832596237 0.04200249726254675 0.02683789226147648 0 0
3.6918885981212104 0 0.08201123056669735 0.013628329906700515 0.08824547596324686
3.6999999999999966 1 -0.014180693928849436 -0.07983873690900087 -0.04014631072981156 -112.15417984289894 74.34212658608425 -41.08108111616622 -0.07536535799419593 0.0365174832210091 -0.15623820379163908 0 1 2.1749601492447757 1.3922280185217153 2.112726068093531
3.7252219314545436 0 -0.008073161057987166 -0.04082198535190373 -0.05767093311973259
3.73333333333333 1 0.0973368178069871 0.07485542672727725 -0.09775098869627194 -122.90976925032281 38.251613894722254 -131.00720136048682 0.015188096593000383 0.0073408786119302585 -0.07086558054335862 0 0
3.758555264787877 0 -0.03083728315553988 0.009888110835102923 0.05296281224463868
3.766666666666663 1 -0.04448985530297195 0.07025658635313475 -0.07240419121114844 121.41253617237163 74.89366439684989 -177.35716972904234 0.2231910011749437 0.02721779755492293 -0.22530035609660704 0 0
3.79188859812121 0 -0.052752844794525855 -0.049620313981747155 -0.05094974123813967
3.7999999999999963 1 -0.07578763394895346 -0.040155003622521196 0.04756995357473044 -94.95700557148537 -80.57672144352837 -54.96293851771226 0.2744706315075981 0.04613134713776386 0.009865272811408088 0 0
3.8252219314545433 0 0.08213849494745346 -0.09464535569280291 0.014591377068428432
3.8333333333333295 1 -0.0664454300941523 0.019000899985627567 0.03729322050356576 127.69854942008027 -53.141925471251454 -151.22330721762313 0.006873608534087999 0.011775907530890126 -0.235896046603858 0 0
3.8585552647878765 0 -0.05639274738375591 0.06759783445154328 0.006678065422247803
3.8666666666666627 1 0.04668725746851992 -0.030906895870039613 -0.08291055444131923 127.35489732575962 43.70309559942612 -160.47889176576103 -0.06833696082328408 -0.0004196867747813249 0.07915692552076425 0 0
3.8918885981212097 0 -0.037071016104799986 -0.06035269578150834 -0.01973310236725552
3.899999999999996 1 0.09813082418387316 -0.07677733348972335 -0.016380746195542042 23.64788663591557 127.16538365348839 -158.49070720885177 0.014787100815999474 -0.0023969337163919774 -0.09754075854267816 0 0
3.925221931454543 0 0.011994424490496994 -0.00519815499037915 0.013152850396687718
3.933333333333329 1 6.361854788369814e-05 -0.008861343737953845 -0.0015068370424164146 -17.895326846502996 119.07886233765777 86.00426193248512 0.2690700846623548 0.005211396765855879 0.0471299976793485 0 0
3.958555264787876 0 -0.03145144722415963 -0.08111777392383834 -0.0315092528316831
3.9666666666666623 1 -0.00836452401494056 -0.014086775027531195 0.06616114915298896 -127.64302647869492 110.34626220962514 169.57070713856945 0.25842512600705236 0.02050019310473658 -0.2582438089605275 0 0
3.9918885981212093 0 -0.010250010185087005 -0.013977970603994458 0.030691709636924122
3.9999999999999956 1 -0.06421529789841987 -0.035312450771345955 -0.04563744474501133 -16.799614339021502 69.0652573442375 -80.22098304910072 -0.08671482695865303 -0.007985468240664317 0.04306429577543858 0 0
4.025221931454543 0 0.06473327978710841 -0.015015608255994711 -0.0549197307964413
4.033333333333329 1 0.03923960794380557 -0.03351594839050709 -0.02837268423705358 51.02763773635533 -148.49928381127268 -6.855064504477667 0.25500379751363045 -0.031059051212210333 -0.07976933202484143 0 0
4.058555264787876 0 0.0011547520632022162 -0.08151096283045187 0.029236543431396575
4.066666666666662 1 0.0830955072399791 -0.04363374793714747 -0.011483905196752839 -145.4297025960912 -45.56870990999792 -18.214548308647835 0.06267775395458255 0.007920568575463062 -0.011846957127012336 0 0
4.091888598121209 0 0.04599839578693117 0.09231930890239284 0.005393133519834101
4.099999999999995 1 -0.09044264255977769 -0.03889373042916505 0.07576845826605963 -176.9017848519177 126.74622283354398 50.35875871789392 0.18665564046007835 -0.01921029968691146 0.018553030809518756 0 0
4.125221931454543 0 0.04611518767156193 -0.015497431332643807 -0.09935771434172419
4.133333333333328 1 -0.009632202208059853 -0.01319572591786515 0.06725827900513862 103.50911264406699 134.7375675610848 73.74627182297613 0.04524932293019637 0.02812937320992813 -0.2851792900524065 0 0
4.158555264787876 0 -0.033515249472459874 -0.0068724539781648275 -0.06316176779341895
4.166666666666662 1 0.03260784297571273 0.006062333245644952 0.044647089302981335 111.54793184690476 90.21310269182754 -133.3239441652679 0.08343009176264435 -0.02986607699120344 -0.033655327286950976 0 0
4.191888598121209 0 -0.036921407406904805 0.07524248872447584 0.06504695281956904
4.199999999999995 1 0.03707418143607892 0.0033642344319453343 -0.023943815168047694 150.0201619283277 1.9474875452410174 -64.31660498459865 0.2255923887957814 -0.023412706518472628 -0.21267247507266912 0 0
4.225221931454542 0 0.0637264401999669 0.06004553896261138 0.06804644113040588
4.233333333333328 1 -0.003957687168486462 -0.09134864120757277 -0.0500845041825371 -7.25098830487056 -26.857290883563053 140.85975430785965 0.19709394686068546 -0.0029186090186920505 0.06324230591440433 0 0
4.2585552647878755 0 0.07782724316010192 0.05102011774094788 -0.028392176464011598
4.266666666666661 1 -0.041809717158488885 0.0070802015666281415 -0.014904306362611128 -32.33717415677731 29.213366567029624 -115.80128997854418 0.26112305230878696 -0.011335141193507314 -0.13105226329189185 0 0
4.291888598121209 0 -0.07617501828247908 -0.07755943043515715 -0.04876943599813016
4.2999999999999945 1 0.0005649883193309113 0.017988876392298042 -0.04294995387483419 -70.65441923168098 108.38138265875466 -49.736706965495046 0.10168738061191407 -0.021571015384010107 -0.24823740572828792 0 0
4.325221931454542 0 0.021549923584371175 0.05631082706660746 -0.026408927580323066
4.333333333333328 1 -0.01856156045615573 -0.08251639790540138 -0.09779385455468476 11.21808287012766 -43.054885014316085 -139.0925392755253 0.14950268732070668 -0.0006526412090304898 -0.1891059075695749 0 0
4.358555264787875 0 0.06016956906083566 -0.03235764419935572 0.06002679846271089
4.366666666666661 1 0.08258330771141312 0.032924870491210734 -0.003299078892722851 -73.87583828209961 -25.627684686649474 -139.38089263160563 -0.048152643294625055 0.023672241952347656 -0.1368714060578675 0 0
4.391888598121208 0 0.058462881645438426 0.08314898696717053 -0.07479580128110613
4.399999999999994 1 0.05467228967157281 -0.0184353125399552 -0.07753227513992808 48.64985154102007 -112.17145103019547 -92.8037839854503 -0.07732330359311579 -0.03550213008163499 -0.23551687656695666 0 0
4.425221931454542 0 -0.025016082105802834 0.08616078465409244 -0.08816554970731116
4.433333333333327 1 0.07320535230893506 -0.04405957747567846 -0.0822830825077665 4.6946680568919135 125.36399355598667 152.94222579296815 0.02716829982988478 -0.04761047210444717 0.04081941452549781 0 0
4.458555264787875 0 -0.062107853856090633 0.09851254181112452 0.002459514299966978
4.466666666666661 1 -0.07332206062905819 -0.04365665356350268 0.038540498235064585 -71.10474716137932 24.284046393033947 158.26911367322748 0.18091766840292509 -0.004803228509325672 -0.26186997258350253 0 0
4.491888598121208 0 0.051353360514947544 -0.012092689347610791 0.08882064005344925
4.499999999999994 1 0.03291625752231396 0.04232456029790113 0.0004580651501370908 -20.47828103824014 -50.254843390948196 -137.57601427064122 -0.09938301945720007 -0.011409856348227242 0.04490859718039847 0 0
4.525221931454541 0 0.0575575571024036 0.06037711152025491 -0.018742569446770524
4.533333333333327 1 0.05507156751917095 0.035848262132139694 0.09399055054049497 45.29998179349019 15.045898513347254 -136.15302176863625 0.11707258733840839 -0.024924372656996343 -0.21451927149692585 0 0
4.558555264787874 0 0.05981090186175975 -0.045553898852059044 0.02627501467530194
4.56666666666666 1 -0.035731025236504205 -0.05031369876264968 -0.042176386440126556 42.09432870040757 18.676180380886166 143.2931379310872 0.21671065929494318 0.016961953321429205 -0.06702704599588516 0 0
4.591888598121208 0 0.02699197981725736 0.03055616769098561 -0.05174309457969889
4.599999999999993 1 -0.04096909899870621 0.02040990085995309 0.07650015150771655 33.32598361257757 -80.06852997290468 44.67481861797663 0.18582286661011213 0.00431510674773531 -0.057368976355583745 0 0
4.625221931454541 0 0.027158497038854243 0.09364707351532131 0.04604711105036008
4.633333333333327 1 -0.002167783380076019 0.009381058771158246 -0.09170400149548505 -11.68051017070789 -148.75949271047315 165.57070049315973 0.27761332204967515 -0.0029360098086822634 0.02471837190293691 0 0
4.658555264787874 0 0.06438196439892416 0.06424364638662383 -0.02169805143518866
4.66666666666666 1 -0.043363624428639364 0.09470895832761804 -0.08525225255747684 -71.6410697447835 -168.71586859338382 -101.20275803661345 0.11542621375580758 0.01770364070716661 -0.29045521794213836 0 0
4.691888598121207 0 -0.09507345297818437 -0.08489815822808502 -0.023407948555924124
4.699999999999993 1 -0.027942868339516813 -0.03684839647052207 -0.00931923143870557 -99.50260551928409 155.24553388540892 -123.21382076573042 -0.0016341736459077882 -0.027482644293484827 -0.015159822371685727 0 0
4.7252219314545405 0 0.005310635577604139 -0.06687483479335485 -0.010755314955568515
4.733333333333326 1 -0.0014823817490150076 -0.06814205553167693 0.0001844218306066292 12.346320466146807 72.29032073574692 126.55568499934844 0.10147759992176164 0.02060820222386854 -0.023224801124825112 0 0
4.758555264787874 0 -0.04388306376508283 -0.0509392265512201 -0.01627233600934208
4.7666666666666595 1 -0.04324649860576818 0.0859782979708714 -0.052360259965719275 -39.275952160813574 -104.62015501863786 6.4362567080264625 0.2570657445845672 0.024330971695720446 0.07401699776688697 0 0
4.791888598121207 0 -0.040270600372926235 0.004394873957632384 0.09728389745848945
4.799999999999993 1 -0.03164905882189298 -0.05746602671047493 -0.01607722158387692 19.879885195422702 171.06238748199593 178.89469578729637 0.03630817385536589 -0.02789695759015498 -0.000608838384264454 0 0
4.82522193145454 0 -0.05462306485714544 -0.06835624551013511 -0.08199139943064734
4.833333333333326 1 -0.08710740969744366 0.07766804543616988 -0.0972977297503701 164.20344173544032 68.70258914628192 52.863927062229806 -0.003259175305707629 0.014465747236524315 0.02534825564476806 0 0
4.858555264787873 0 0.03702975986878208 -0.009379795862434384 -0.07382500526805799
4.866666666666659 1 0.058309151023174424 -0.0255910112765384 -0.019398097441337137 97.24775812147641 -83.19111807540473 99.75454294194395 0.22751849058693593 -0.008764136707108829 -0.06094645002283253 0 0
4.891888598121207 0 0.09101225310298061 -0.037406890159930595 -0.07516559506183432
4.899999999999992 1 0.04886822552389669 -0.09209952146873043 0.08845146809720268 67.20114599142877 83.84780853914248 40.01480288746771 -0.0346909952122179 -0.01578506095188288 -0.29054767993757136 0 0
4.92522193145454 0 -0.034727364801945465 -0.014163252617406655 -0.009019785260698396
4.933333333333326 1 -0.025227267035385637 0.01899660773028207 -0.0423128342032911 -118.60652657632114 163.17017887011798 -12.350592138454317 0.07057438279867051 0.04414430594716799 0.0998186112716119 0 0
4.958555264787873 0 -0.04249267751508476 0.08299888723631386 0.08154935344347652
4.966666666666659 1 0.0989721403831556 -0.07847832987293346 -0.05533056372403147 -90.52736246771654 -127.71006907642938 -150.42995346486111 0.027810534152773764 0.008917455505723024 -0.1737946618474773 0 0
4.991888598121206 0 0.04066178581242861 0.008760302350040619 -0.08519341299875058
4.999999999999992 1 0.0027948261341624037 -0.01464656708230197 -0.08474997732808742 91.73141931427335 -86.55924759270654 -7.857392622562855 0.04767780411542208 0.03113288743535156 -0.11022058304271673 0 0
5.025221931454539 0 -0.02693788358470972 -0.006275454148239684 0.08172551308033536
5.033333333333325 1 -0.06554794506406197 -0.04541054717921483 0.022340156489839266 -3.077978774843757 52.07746859920101 -116.9261666044109 0.011872992045760755 -0.011549855636998473 -0.09422222475523168 0 0
5.058555264787873 0 -0.03020159869064698 -0.018689358214774937 0.08267957465368395
5.066666666666658 1 -0.09359248406689735 -0.0046121589916377215 -0.0932128891156302 115.830186389164 -41.35869886093474 -105.19647741218122 0.23783104736664593 -0.030592174248060756 0.023584506157069585 0 1 1.2777861965645907 -2.4341175375916757 -1.7829627634420877
5.091888598121206 0 -0.04473805833458039 -0.0517358135495834 0.02901389243750495
5.099999999999992 1 0.029752873379632727 0.09907759778396096 0.07829289109498223 -133.88786479734677 -124.1103539976294 -63.388443980282176 0.20624195423043482 -0.002762219558078108 -0.032560520469548715 0 0
5.125221931454539 0 -0.047525431413852154 -0.08349578806407634 -0.09404523665746856
5.133333333333325 1 0.006227342696625879 -0.045735327837778506 0.0583089513237453 151.1160480998139 54.953593309970614 40.69910034160631 -0.09111760054410145 0.008193142161243727 0.044699394363758804 0 0
5.158555264787872 0 -0.05034984847879151 0.020535560716320567 0.05679419531117358
5.166666666666658 1 -0.052722566676795396 0.061790871833661144 -0.04100440862544166 117.98195964621999 -61.02517507965125 -43.84027541226777 0.08501543582411691 -0.010756874291486876 -0.22204278407459543 0 0
5.1918885981212055 0 -0.05322270082722197 0.06517152187286437 -0.06676458467139512
5.199999999999991 1 0.06866153903141684 -0.05636514889179098 -0.046696870643558513 111.3326760964942 -130.5191077568358 110.73925218805391 0.29369245573246416 -0.025525721889430954 -0.20182447357821592 0 0
5.225221931454539 0 0.030473819171454086 0.007681343308528099 -0.05439468918459353
5.2333333333333245 1 -0.09242168330279724 0.0998636678375203 0.02901279554534296 154.31032451060798 -0.18939752793025377 75.99553416879363 0.2931243214295597 -0.044094492367740296 0.09273582839429723 0 0
5.258555264787872 0 0.06833785547296381 0.07529654478347701 0.028340771043079818
5.266666666666658 1 -0.07192560347679136 0.004860124885059089 0.07291670921103298 -57.322356783078064 1.2001296140796285 110.79751322711968 0.02021117331554763 -0.048129339208808644 0.05545174838899958 0 0
5.291888598121205 0 0.0825713803263868 -0.003560457521702781 0.03685659099823517
5.299999999999991 1 -0.024234243962362997 -0.0679853090188613 -0.0650137387463503 -76.44584362242769 -81.56227666940842 -27.011690222901677 0.20820561255496775 -0.04713198336337328 -0.19868449264670912 0 0
5.325221931454538 0 -0.0924397822762962 -0.08011010813500857 -0.06575817020156577
5.333333333333324 1 -0.09031191191616961 0.028171431229740557 0.011646554656207411 -34.410293327845494 81.51241904728596 83.9921299088345 0.25083183299755996 -0.03582582854408489 -0.16144410586880242 0 0
5.358555264787872 0 -0.041825207929841623 0.021295432561548616 0.04891421193793222
5.366666666666657 1 -0.08464519127417378 -0.0284734794592853 0.09840883877311138 167.43156997046725 -77.01739296475634 -130.91361123485166 0.29772650426897496 0.04638587944318828 -0.16636460663321506 0 0
5.391888598121205 0 0.02400887240115239 -0.005219372988343407 0.03150974114901273
5.399999999999991 1 0.06894899499166358 -0.00762556551047569 0.08372710550096481 -161.99325592165576 -47.892827188217495 -114.88908152177419 -0.07598537533669117 -0.044974439057640016 -0.2948712312898962 0 0
5.425221931454538 0 0.09982165215168817 -0.0533959009229249 0.05274156813902489
5.433333333333324 1 -0.08563084869548562 -0.0887968936831551 -0.08830337413324019 -151.65842453291378 -83.22854073123611 13.41033073170999 -0.09798451043453436 0.010494018191656185 -0.17180196747886847 0 0
5.458555264787871 0 -0.010716356598804072 -0.047132389560384375 -0.07664225277704723
5.466666666666657 1 -0.05637059255699811 0.07105056639872896 -0.07423764799570096 -80.19568203923887 -153.3947201215269 -157.84601241485686 0.22300956285704568 -0.005290015526477662 -0.13041774879171897 0 0
5.4918885981212044 0 -0.007794723407887588 0.05648400365785533 0.07244944709290763
5.49999999999999 1 -0.03972131212678684 -0.01741956377807896 0.027879967860260965 -140.31247068946536 63.06604519748956 -137.45585083577154 0.07700406201148496 -0.03662745794768616 -0.08978401024833743 0 0
5.525221931454538 0 -0.049398060159485224 0.08178332694636048 0.044621230596203515
5.5333333333333234 1 -0.08281507245805936 0.053283130189282546 -0.05244899849209761 -63.819895853810195 -8.853605973151787 -117.09808287200781 0.19391039376345212 -0.010086982051122517 0.08862723339375772 0 0
5.558555264787871 0 0.008508409830320002 0.06817382905409326 -0.020758704109568996
5.566666666666657 1 -0.05834949985205934 -0.02294123030609216 0.079291777030017 151.51586203515348 -71.64819095883387 141.28480010015602 -0.009067945462873706 -0.004922399319808979 0.013319756865359078 0 0
5.591888598121204 0 0.06816377531182105 -0.07982075183238899 0.004702863173249597
5.59999999999999 1 -0.08829552898650331 -0.024278724196365925 0.010537968305189119 165.79074199888765 -162.11169639256408 95.4820707434618 -0.05551663844766411 -0.020604511547269846 -0.1347837148953402 0 0
5.625221931454537 0 -0.016041872964515244 0.08835659071405076 0.0993637145309586
5.633333333333323 1 -0.05738960700537865 -0.028711634409391756 -0.02405634171419839 -50.945250796033605 -134.72124323644792 66.46470556591919 0.10718511385415974 -0.026581484812699497 -0.03506222577447177 0 0
5.6585552647878705 0 0.006645572466424582 0.07014487166713589 0.02130527145328072
5.666666666666656 1 0.0037904644865945636 0.0693110975205409 0.0864944642737207 -118.49508524227579 -13.59271464394962 89.07120375414758 0.07436944389447314 -0.03251767359644765 -0.06433724742479191 0 0
5.691888598121204 0 0.08055144137709723 -0.07507725981698174 0.07201923430009748
5.6999999999999895 1 0.047909490644748254 0.0604778980749509 -0.0837851456717395 45.44326934234314 -137.15598169348624 -27.535610631432462 -0.05244434141584025 0.03291517174506885 -0.18389560718403525 0 0
5.725221931454537 0 0.013249583800911832 -0.05560426333713103 0.01709070636677068
5.733333333333323 1 -0.08135645575760378 0.09213643938449921 0.08527947240719919 126.2050666990637 -105.45818997225908 -152.06092450570713 0.05587258448087615 0.02704152953065843 -0.05375059682249608 0 0
5.75855526478787 0 -0.00946010255961302 -0.03636693492072665 0.02860560189696973
5.766666666666656 1 -0.01515162498603266 0.042984478005179065 0.07906823633353595 -137.26642000524555 41.20026156233436 94.33277284087546 0.01717094170689415 0.015489458274143095 0.025662876559749914 0 0
5.791888598121203 0 0.033266316197056514 -0.05286710249675561 0.07276916270614993
5.799999999999989 1 -0.08626252401635034 0.02072014330908803 0.091914201568503 33.17207746625658 3.2367989902206773 33.35637898250951 0.10870731999445488 0.03288855975779094 -0.07300691878718515 0 0
5.825221931454537 0 -0.007878388724054525 0.010019002000484306 -0.04651856428510778
5.833333333333322 1 -0.021738043927875414 -0.09198500735594858 0.06344585208553066 -98.63973793151318 -140.22455357437636 -85.28921206311018 0.01010732140545341 0.03445969936496551 -0.1473963926657686 0 0
5.85855526478787 0 0.056694397063321536 -0.05535318244662532 0.006967481760840583
5.866666666666656 1 0.0086849336220369 -0.08805863775137854 0.08129996544168723 -117.79527598781587 -149.66851798059642 -17.401285437920393 -0.022605341005014518 0.018535312011347352 -0.01976032874224226 0 0
5.891888598121203 0 -0.02438073231850832 -0.05875093885194557 -0.031709736406880934
5.899999999999989 1 -0.010119728910895825 -0.07272882341267226 -0.002300302886448294 110.64475252866191 -85.9448088006859 104.5204136246735 -0.08796833948505434 -0.004485437624466147 -0.0086415338827186 0 0
5.925221931454536 0 0.06572745859360496 0.07764580740428378 -0.050782941684885896
5.933333333333322 1 0.05095999288135189 0.0792498779762315 0.03849957750139504 59.208096391037145 2.447024774233455 -14.85740479941444 0.14478380355224885 0.04935854482837286 -0.10958820521043824 0 0
5.9585552647878695 0 0.006943993187408723 0.0003664615155855727 0.00854231969260004
5.966666666666655 1 0.09660536306138574 -0.051245601442861444 -0.013343099612946413 -48.630236116824335 -79.80862928512926 147.90146092405416 0.21240449670600478 0.02061527565176574 0.023713444336103617 0 0
5.991888598121203 0 0.008102888929480814 -0.06954510693186078 -0.08111148098169996
5.9999999999999885 1 0.00885318816572185 -0.05053617946139355 0.010594921581368905 -4.606064630888369 -42.19201902958042 114.78720651171807 0.034263788948276475 -0.03512791998937137 -0.0018282223413099707 0 0
6.025221931454536 0 0.09789794049726681 0.06113325548483233 0.00794313163243665
6.033333333333322 1 0.03823055429618856 0.021864394289702743 -0.09257688226374025 -165.8282663509696 169.33953713992247 114.61462118823061 0.21215799795225718 -0.033918790693360554 -0.17747763720831328 0 0
6.058555264787869 0 -0.0059754304369017686 0.03507680445593468 0.01855725812831291
6.066666666666655 1 0.06916456935099138 0.00929230399809107 0.023584822545109657 56.08802987736988 19.908352377433886 -156.04658979207497 0.256349797752628 -0.024296434489838183 -0.2577338027078122 0 0
6.091888598121202 0 0.09052169975880012 -0.09043088262469559 0.0009088899571987608
6.099999999999988 1 -0.026683242465022877 0.02594587123190295 0.03971233928019542 -1.1665864337806227 176.54469038642503 106.72431076898181 -0.050212879223881936 -0.001676338201612837 0.0402698514679376 0 0
6.1252219314545355 0 -0.08778482974632029 -0.03911122329911715 -0.005065239182490827
6.133333333333321 1 -0.09014643289888566 -0.06823059807219226 0.0794825026382015 -50.08077301037429 93.59068444791086 -85.17510044578042 0.2173077933296896 0.02915753792837393 -0.006977848798167652 0 0
6.158555264787869 0 -0.007153979723849818 -0.049251179228274766 -0.05527741817253104
6.1666666666666545 1 0.039691951884786116 0.09238065721092342 0.06231068260110639 -81.34987171453699 37.51150067127614 157.2449475066315 0.08959893453043397 0.018399566853357308 0.05198278898318642 0 0
6.191888598121202 0 0.09880334525297535 -0.05281109633023115 0.0012712921075604122
6.199999999999988 1 -0.04372393939599145 -0.04324506119720681 -0.09450587437927355 -129.5594057298134 125.24842148561589 -139.89863080325364 -0.08623796369450565 0.008868876569059117 0.056409891599538464 0 0
6.225221931454535 0 0.07787653346855167 -0.027857426230974924 -0.040197556152927916
6.233333333333321 1 0.07498283798429894 -0.04650481195165726 -0.041880997722385904 59.5340822704695 -25.324667994813694 30.586016195480283 0.14954875742210258 0.0009450911076599872 -0.04079062615976481 0 0
6.258555264787868 0 0.07410987357438166 0.02868159799795615 0.0656417278608871
6.266666666666654 1 0.07666157479572847 0.07624534781259114 -0.003546666546634686 -52.667166608755096 -47.56975611103391 153.69448692585377 -0.08897122018833198 0.032381681750240254 -0.14416215078030403 0 0
6.291888598121202 0 -0.01761809562786827 -0.07909470867937571 0.09060439950030615
6.299999999999987 1 -0.04692437312024558 -0.05919055529700182 -0.055371144668121514 148.93656006635183 -177.2166313392416 -156.1884330600667 0.24998648414284694 0.011381515079538648 0.09825548833962838 0 0
6.325221931454535 0 0.030944424349413094 -0.014795220718033436 0.09105329276908612
6.333333333333321 1 0.08491581042080905 -0.035330797709788864 -0.008620755566898411 -145.9399955508215 109.73201570400306 111.5932609184552 -0.08864241912730107 -0.018378881855794393 -0.16681452102864663 0 1 -1.11764585597917 -2.6675873765843026 1.3157906004253042
6.358555264787868 0 -0.013972532599614923 0.037294088889369456 0.038765957907413176
6.366666666666654 1 0.021880609282894106 0.0172271868156115 -0.018641872510084062 135.75462302257182 -165.31031955690838 93.98726566355532 0.17796636915314748 0.027252099094499535 0.05409442944687376 0 1 0.23105223581056739 3.1820465810564196 -0.3020548209985568
6.391888598121201 0 -0.022037626833002963 -0.015606537213977534 -0.03291134251604905
6.399999999999987 1 0.011475661412366223 -0.0973512432092086 -0.005816831783338555 161.18493993998953 6.863513560722112 -77.07703496833993 0.03573183446680969 0.03193432765027768 -0.29305998313795595 0 0
6.4252219314545345 0 -0.0704375656419085 0.07113635164040188 0.06737812852385328
6.43333333333332 1 0.009234887577140458 0.06583417575926423 -0.07167059252459132 139.14049675259542 -139.83238399421197 30.778539043896387 -0.01793323036891828 0.010555274391715407 -0.2800582483673427 0 0
6.458555264787868 0 -0.06504346245917828 0.04601808836959298 0.03802742791046783
6.4666666666666535 1 -0.08548062946593687 0.09508838903495209 -0.017417649481285546 -83.31821653046667 132.7919791327842 78.56470943723843 0.2408765018666222 0.029701269119494708 -0.13018030577496126 0 0
6.491888598121201 0 9.722182792167022e-05 0.0027232112111023887 -0.07322994846385156
6.499999999999987 1 0.04485529810406683 -0.0227081342205587 0.02593222236388988 -105.05009566012801 -68.96508901998023 156.1475146237807 0.14435082594079227 -0.021357077370742595 -0.16775637577504077 0 0
6.525221931454534 0 0.031251984728269205 0.024591504076858534 -0.024437517962340977
6.53333333333332 1 -0.022835674384753576 -0.012586289051578409 0.006675990334589141 -102.9083366540561 110.08103013892787 103.71245109557594 -0.04596760162062785 0.04367367459390971 -0.2103010975930533 0 0
6.558555264787867 0 -0.020954370621510537 0.026331917006892927 -0.007647667568785807
6.566666666666653 1 -0.08353184007655659 0.08408643803748046 -0.08825029406802698 149.1730144735074 17.62668522457932 -95.71126428879593 0.2930391067535104 -0.036267420280218225 0.06230916436837203 0 0
6.5918885981212005 0 0.07188150684114686 0.07170490837632443 0.027951870521480612
6.599999999999986 1 -0.06971225460719638 -0.09341983127707892 -0.04466342085285291 -134.20096382077134 -179.6663376865401 -87.77511041387984 -0.0910688107149912 -0.02910243625030522 -0.0999605900315754 0 0
6.625221931454534 0 0.07783971061829396 -0.06850159796680447 0.00925059817978735
6.6333333333333195 1 -0.03157021302630156 0.004287393188864619 0.0018123876048535548 145.26465206814328 -2.7028322940071234 93.68549590330412 0.19402595986486312 0.011217275148622509 -0.052288546002869085 0 0
6.658555264787867 0 0.07377758224375426 -0.07887407806211857 0.07439852801456462
6.666666666666653 1 0.09533936711488288 0.07902562778648031 0.009611080111822365 -82.53397616853957 118.46881432267367 130.63322180825924 0.08676558784124877 -0.018631643647715294 0.05326286074124714 0 0
6.6918885981212 0 0.06967031556257904 0.031919048036013406 0.02237544619090029
6.699999999999986 1 0.09220756612753854 0.0769766415407343 0.026615637851707605 -146.12777574069156 135.39372164286965 58.9695073920426 0.07743562718586938 0.04215546949949346 -0.12762771630768913 0 0
6.725221931454533 0 -0.09116265386480896 0.02652370772213397 0.05978054801278332
6.733333333333319 1 0.012871962266408812 -0.017205213027531086 0.01716332870701627 -54.471158569562704 -58.00230943274303 14.713654197441372 0.20730811760500087 -0.04319076625683323 -0.27418808644645454 0 0
6.758555264787867 0 -0.09908053681188261 -0.07792841051876515 -0.08933059014430503
6.766666666666652 1 -0.022615909175226184 -0.012994021201852779 0.0198022565786653 -34.335979877539756 83.3445424436905 127.04695910208716 0.2434953147466424 -0.03913706023191682 -0.18651503936579528 0 0
6.7918885981212 0 -0.08535274153801417 0.054927489101894426 0.022627368218959748
6.799999999999986 1 -0.005619077762537478 -0.061489981694047374 -0.08247335561124153 -38.236496978947 116.30375976176293 -85.53964565681945 0.09813471814028296 0.018108482439272253 -0.039525978181028154 0 0
6.825221931454533 0 -0.04875504463017577 0.0872655835168582 -0.07023254935064699
6.833333333333319 1 0.051447640288739854 0.07477126567253177 0.005094391961199735 39.23541809949231 49.02791343234708 -153.00163836510058 0.04348158471667851 0.029472554409235338 -0.2430921770320685 0 0
6.858555264787866 0 0.0994396825771899 0.08747715610247248 0.017740966228396937
6.866666666666652 1 -0.05954852768987354 0.041719142131864076 0.07695007115181465 -143.2398893760162 -98.28115922516218 32.04851660525614 0.15394471862421163 0.014167324659564537 -0.027351365387852655 0 0
6.8918885981211995 0 -0.06152125137465966 -0.07054768245902918 0.042243026496013726
6.899999999999985 1 0.057026942609430864 0.09815188911891866 -0.06792734075087017 -22.034268151869895 137.1874039580785 -35.90726475114127 -0.034873775657750405 -0.04364346847679467 0.09422208593952869 0 0
6.925221931454533 0 0.06199472278712895 -0.0900273359431627 0.050729798220034344
6.9333333333333185 1 0.08034589730816853 0.04496371498703029 0.007839371062896339 41.752888629261946 -124.41700873028034 -36.25574877183695 0.1714012292777393 -0.017274466220802823 -0.04363481851481338 0 0
6.958555264787866 0 -0.03096224452838864 -0.034335588008581386 -0.01831995749628887
6.966666666666652 1 -0.09489684329073719 -0.03788100615426368 0.02344910361945758 -12.624250416370728 84.37950093768637 116.63199201317519 -0.07484620742143995 -0.004575475389637831 -0.2489980961911685 0 0
6.991888598121199 0 0.09279475993918451 0.003780613691582113 -0.07188900359189573
6.999999999999985 1 -0.07443864361554295 0.004886467277111506 0.01486629441820228 -163.3396392676888 21.876921822455273 14.351100666062166 -0.03263607384627161 0.04319701670110147 0.03438136508522277 0 0
7.025221931454532 0 -0.012759722070366325 0.0710314281481592 0.025284320637597807
7.033333333333318 1 -0.09979645665047596 0.06630076516144119 -0.029444463964358736 -58.99617557888891 -31.256134166214736 -126.80945997676218 0.29000765230303094 -0.03707362626725768 0.02846164881320784 0 0
7.0585552647878655 0 -0.002757261137741579 0.06421594970068223 0.009628581224981822
7.066666666666651 1 0.06631284688506678 -0.0369625144815148 -0.027551699933259705 -175.84213894847235 -148.94229705374056 8.24600885378797 0.24098874954740643 -0.02074401640132614 -0.1454311457593233 0 0
7.091888598121199 0 0.08189704759866201 0.06118297183240782 -0.06483027729848087
7.0999999999999845 1 -0.06937643153858722 -0.04848825388171979 0.047473555651625636 -132.39543847187505 143.84641237408107 -114.29812956255947 0.07604954492549557 -0.012114793457900674 -0.13895098655355337 0 0
7.125221931454532 0 0.09406059268291976 -0.07114819460270363 0.056791313712275415
7.133333333333318 1 0.02824384874918913 -0.07100947913442723 0.03639611186778413 25.31456506613864 93.38674190448376 -78.93570483836157 -0.051618432616451854 -0.03341510662768169 -0.20277525666851254 0 0
7.158555264787865 0 -0.0897796741994526 -0.01090106250844107 0.04910848499683982
7.166666666666651 1 -0.047135157363465185 0.01448598675241479 -0.01862926884454759 -25.94757470063888 -63.29973559641883 -63.29921086145396 0.09143072240849559 0.037273887555588664 -0.1844815563642142 0 0
7.191888598121198 0 0.02550181261899158 0.07182989928833068 -0.03714217121721222
7.199999999999984 1 -0.09566851129206089 0.09097370279082798 -0.08996549167925849 -5.92196010959961 -22.908892687324908 -35.35356094451535 -0.01668692712866822 -0.045301340758671385 0.009307474556406348 0 1 -2.5716679041678807 -0.9301887599259338 -1.5304741401653126
7.225221931454532 0 -0.005964214391960182 0.031230733695043464 0.0826304350450176
7.233333333333317 1 -0.016686481272028653 0.0689760065035934 -0.04365050015109628 -41.24103441580755 160.5983367706861 -149.6789835905469 0.20376733102341274 0.049943574571345725 -0.11418625902243729 0 0
7.258555264787865 0 0.03832246934331558 0.08910407350697379 -0.030844065972720325
7.266666666666651 1 -0.04086342642288743 0.067247453128085 0.007125615233541688 31.397607412246487 87.16470605883603 -151.79746439324626 0.1635395666795232 -0.023233330259170706 -0.2157948452074825 0 0
7.291888598121198 0 -0.04607122718962539 0.023121359277702133 -0.03182253396565182
7.299999999999984 1 0.04958065230327167 -0.0958446923255881 0.05477118657590177 10.862221731981947 -122.77516692588121 92.37505440146413 0.08611628630894891 0.04215015040676977 -0.2540855366822306 0 0
7.325221931454531 0 -0.07129211651654632 0.02990422388129986 -0.043257025633397866
7.333333333333317 1 0.025702898683467354 -0.07658934388664188 -0.09983110505439916 111.57284699111051 -18.500944427140183 4.116889379305434 0.05051173538861295 -0.021371107628777742 0.0904612139993069 0 0
7.3585552647878645 0 0.09875275059071208 -0.022987084514204878 -0.0477032287235834
7.36666666666665 1 -0.0352937020309661 0.09397498867100873 -0.07149281586408521 -79.9892379750633 145.33086052057996 -127.41830452912652 0.12731778450341028 0.009022035116770542 0.07842880758372328 0 0
7.391888598121198 0 0.05277068514846182 0.01932293818190385 -0.027997508840970353
7.3999999999999835 1 -0.012985823779268352 0.034034193337984395 0.040648795292304585 -34.39562687297507 -42.40097367004233 18.173919533500964 0.2413807209387344 0.0021395757996963555 -0.1053275619792105 0 0
7.425221931454531 0 -0.006940414675422016 -0.050445280875287296 0.039543060929148034
7.433333333333317 1 -0.06424759266213537 0.06993302898452147 0.038051742923355385 -23.6473086429275 145.47840760286425 69.90977325428815 0.27930759986691067 -0.02084692979791654 -0.08491495040219824 0 0
7.458555264787864 0 0.02573161991635463 0.07467086012129871 0.019534336644937284
7.46666666666665 1 0.056738098123533455 0.091937799593468 -0.015794137259824967 151.85134471647962 -65.9707012304685 -31.979649194100176 -0.09932406553677953 0.03484425723918959 -0.18114526556721836 0 0
7.491888598121197 0 0.07413678583954075 0.038571673969121006 0.03792458679491076
7.499999999999983 1 0.021664272795853257 -0.0281060712517629 0.06886374954419255 73.3108753002164 87.88725855391652 32.03506847710591 -0.09533948610345316 -0.03414364021787457 -0.038793579951537704 0 0
7.5252219314545306 0 -0.008018674891086874 -0.03552285962138502 -0.002092490690730503
7.533333333333316 1 -0.0716313434767103 -0.0751627496035025 -0.07334162757704607 -3.7651336805604387 -15.126613125186566 73.75539638099531 0.21658553628953645 -0.02787740652772477 -0.12628711629537498 0 0
7.558555264787864 0 -0.005799351523444324 -0.08508898666322479 0.05095204749970388
7.5666666666666496 1 0.0639809415474672 0.053921057039916724 -0.05309586316519141 72.98543960030668 -63.86390177183864 -35.82002646817108 0.034582090680298855 -0.007331345015694012 0.07582188114858707 0 0
7.591888598121197 0 -0.010621968463165321 -0.05788174273189817 -0.08075758378198952
7.599999999999983 1 -0.022716621454610758 0.02324344439638784 0.008147071664117544 -116.83922783082906 3.9479427680542756 49.471590577934364 0.16028766799618147 -0.042290268877159636 -0.14509466370882518 0 0
7.62522193145453 0 0.012057368874369437 -0.09606915065777039 0.021496825561001145
7.633333333333316 1 -0.06350355449046857 -0.053624757210619683 0.05118589209769511 -109.38167449219213 -91.12803510796353 52.791000945319695 -0.012778024949254174 0.011393440325707126 -0.23004017755778497 0 1 1.4144308262316583 2.5084156300582015 1.3318684523961202
7.658555264787863 0 -0.020025999315497714 0.04779663878019125 0.05626482689306531
7.666666666666649 1 -0.08603647519520491 -0.0685351270483695 -0.08498949083912496 39.43732838387467 -108.8039708670227 -108.74830813484732 0.19313765132785046 0.03122629186817165 -0.25816299276118587 0 0
7.691888598121197 0 0.029885093784157407 -0.0068379282973385636 0.06747012519370273
7.699999999999982 1 -0.0036001972776749935 -0.0003973946788216054 0.09952167966396586 175.84743544864978 -78.64716838322565 -147.39317885446707 0.15121191595598307 0.04605743428463642 -0.1268796943581179 0 0
7.72522193145453 0 -0.014775343653309042 0.07784017584170222 -0.00571185922743403
7.733333333333316 1 -0.040140539813600634 0.029425480815850016 -0.021858558496847633 65.39550518806914 19.68229568155408 -162.15758792469535 0.0669560698428367 -0.03884185648413172 -0.2834154970957888 0 0
7.758555264787863 0 -0.04700966652256888 -0.09464945844770806 0.05610162903090086
7.766666666666649 1 -0.058376753599391734 -0.042967825164073103 0.030020460431260942 104.4759631688313 -115.79144877664126 156.02973434443476 -0.042589085175756575 0.002747670983679909 -0.1350024903398485 0 0
7.791888598121196 0 0.0686647574780937 0.055742912025529126 0.01161287779547393
7.799999999999982 1 -0.007452633164739361 0.046829578235102434 0.04006194369849223 -154.3429558338363 -37.154276758625144 18.23035602131452 0.29848939978560984 0.024854747440772026 -0.2492436843872006 0 0
7.8252219314545295 0 -0.08535377721805812 -0.045567211243909556 -0.03915849462371104
7.833333333333315 1 0.013864233161128281 -0.06059932660134462 -0.05607908477933543 25.64645193699377 -177.96756202935128 51.12832780915767 0.045487983201276894 0.01516768514778076 -0.16121371824417804 0 0
7.858555264787863 0 -0.018826577741460654 -0.04864783659009192 0.07022876293121011
7.8666666666666485 1 0.07956602840103169 -0.08814512274420636 -0.051503441114197385 114.93314789570957 -117.66572542693655 -127.20015895484019 0.1820370626707127 0.020101513114552355 0.044696542529014505 0 0
7.891888598121196 0 -0.013857780503226697 -0.011442360061931112 0.021048117038342792
7.899999999999982 1 -0.041563758557281644 -0.08157704136613439 -0.02423525756652785 -135.0573144210938 -137.73486101192543 16.104293059052367 0.05896611861565468 0.04387931063974809 0.025761894289018816 0 0
7.925221931454529 0 0.03336680124048304 -0.04955090269537818 0.05491893890467985
7.933333333333315 1 0.09833302690239779 0.09841101057726334 -0.027252082468694427 21.925736068309334 -148.92297627088809 -44.55649267281902 0.18573162513495103 -0.01745651198374093 -0.07107751082650238 0 0
7.958555264787862 0 -0.09335026089064147 -0.06979327423574919 0.0902023888258876
7.966666666666648 1 0.05356657649914365 0.06495005556799989 0.031024242855551235 134.1020007902756 17.359293969982218 -73.80414897611138 -0.07425441059193072 0.027352606075562544 -0.10513385300040695 0 0
7.991888598121196 0 -0.017086853016695144 0.0976527654045621 0.05084519452898775
7.999999999999981 1 0.0063799044989416576 -0.022275864355983457 0.060459147560337836 -7.028229908548639 34.288672578099636 75.54511087531196 0.11662955054629429 -0.012488731675818446 -0.22274891842277195 0 0
8.02522193145453 0 -0.060064216971406625 0.0004793888259113227 -0.0010596395956125049
8.033333333333315 1 -0.07167658306881106 0.07531832146168263 0.04314818071650004 118.28250211515086 30.376391226546446 21.42872552936936 0.22884412353198272 -0.013177930975416773 -0.2512147094930489 0 0
8.058555264787863 0 -0.002619045249294835 -0.06918881294480622 -0.03728011882979035
8.066666666666649 1 0.02047650500225126 -0.0015402936030825265 0.07916414354822028 -92.44239218940288 77.61615456626902 -48.03471660389775 -0.016865245181120828 0.029697509794490096 -0.21722952382047447 0 0
8.091888598121196 0 -0.039652742738804425 0.07006390825944592 0.05438319275575585
8.099999999999982 1 -0.06825265597181832 0.09611536471030982 0.07525314623541501 -5.56788572441431 -0.3503836218515346 -126.08646347621544 0.13713004457289288 -0.032372111991257474 0.03319951343570354 0 0
8.12522193145453 0 0.09749531280257183 0.05879125184037706 -0.043637639303620385
8.133333333333315 1 -0.0014652091804221862 0.05058095381581995 0.09107560103685984 -1.8299935264497549 -163.17828370855818 -63.47897523261757 0.11573452022407757 -0.04119764876696291 -0.18883541293441553 0 0
8.158555264787863 0 0.03686043680911322 -0.08507559281065921 -0.07730730659118407
8.166666666666648 1 -0.021483180797325502 0.04935153516472157 -0.04032364114132195 138.81593433211805 -88.28773582826504 69.95947080560072 0.02825875280868595 -0.013405982020328382 0.08451565291559343 0 0
8.191888598121196 0 -0.06853890942110827 -0.0963309149301548 -0.03451162432961832
8.199999999999982 1 -0.08966998429701764 0.039120997548755754 -0.010925342647217812 138.62556694153375 178.4995737465802 -37.61647285316374 0.12376183638463556 0.008103091242524188 -0.05050824870049658 0 0
8.225221931454529 0 -0.0002634532792366723 -0.06007254034725046 0.0959222890277116
8.233333333333315 1 0.08468594693040413 -0.008910460394182904 -0.061670405636001874 120.60459463220087 -121.6359250273108 -49.8780878531538 -0.0548738985545477 0.03761093372405483 0.06899577561327963 0 1 -1.5651703685212945 -1.2470652961406627 -2.349922927724611
8.258555264787862 0 0.03272349221608066 -0.02344040941183989 0.05101145558946714
8.266666666666648 1 0.0469467891686886 -0.024642382621345438 -0.07124671832468263 -16.34739958138593 86.61673359735289 178.53141053680963 0.057274188871942217 -0.03649993710935882 -0.18042452642782114 0 0
8.291888598121195 0 -0.095066630861249 0.06616411200243795 -0.09579616526145127
8.299999999999981 1 -0.018977058178817605 -0.06672892562289712 0.08553268536264547 -149.74975425371866 -70.96220304228908 -140.77248687287354 0.08040734813730821 0.029289275162061326 -0.01305326819913688 0 0
8.325221931454529 0 0.0047081525233406 -0.04295801053508108 -0.07027438057269741
